slope = 0.14911515013389554
offset = -2.5165950658082195
date = "2024-05-30 14:08"
r-squared = 0.9995959163915387
